262
4462
6252
1633
3109
4896
682
6028
1142
2568
3496
5411
4734
4169
2160
592
2974
1276
1756
2926
6100
844
2341
3841
2626
6744
1264
4185
4026
4708
308
3267
5637
6596
104
2102
2252
6464
4236
1927
4346
2877
5670
3735
3766
4585
4392
1906
1825
4836
5989
6132
4366
5115
2410
440
4737
495
3642
4241
3982
4056
5084
4699
5036
3413
2413
4131
5239
5097
4377
6052
5660
2997
6405
3494
4510
4551
3978
4045
5307
1179
2767
589
3806
1370
2936
5037
4572
917
1570
4110
2435
6763
478
3808
6161
4113
3936
5767
3359
6643
6020
4792
1999
1381
6684
6647
5125
2338
6176
2314
5684
2191
1551
578
287
902
3416
4964
4965
2590
1797
5960
6774
3030
6516
1497
242
6642
2174
4376
6364
3384
6227
820
6481
2494
2914
3894
3350
5880
2281
5601
1360
3411
772
1129
41
2513
1183
773
5862
3980
4079
6401
1952
3390
681
2099
1704
252
873
3571
1026
1986
2776
2947
6743
2629
4867
2921
1784
4629
1682
6289
5410
5461
6393
3556
877
2234
5805
3576
5176
6080
3686
2578
2423
602
4548
2655
2367
4576
2663
1303
1197
83
5011
5003
6771
6662
3271
2277
4488
2416
1012
1573
4144
1775
5553
6177
5054
5799
1919
6567
4091
1155
1786
2559
3514
2810
3825
5991
3083
6319
4142
4030
2604
2558
3999
1982
4429
2395
2396
3141
2632
6027
4301
2550
2976
2331
1810
2360
4759
5968
2343
4171
2963
6494
4242
1735
783
6400
3818
54
5574
3029
2306
5853
498
429
5784
5940
1029
2978
1616
2822
1600
1525
6213
557
3351
1518
5719
1468
3283
4378
1620
1180
6698
4830
4748
2432
74
5837
197
815
4517
4215
6391
3348
5541
516
3122
1066
3322
4851
4788
1760
898
868
709
1912
1052
2498
5334
2915
2302
1645
3200
6492
3565
786
2387
757
5188
6676
6047
6191
4012
177
518
6559
1135
6216
1395
3220
1549
5953
3069
2448
280
5184
3197
4878
4801
6459
2808
4601
4396
5655
2419
2244
2392
4834
320
3436
2323
3116
6686
4487
93
453
4016
6347
6730
2896
1801
1037
4775
2942
4282
4279
1075
4460
4165
672
6537
5197
3529
2999
5331
793
1383
5674
5762
1008
4611
3495
2957
2904
2982
5269
5483
4133
4638
4900
1642
5013
2044
5676
832
1852
4136
799
6724
977
138
1191
7
4872
2139
3328
597
3697
5345
3205
1234
931
807
5887
3310
1836
5446
1793
5995
2119
1873
2751
3883
1503
496
4854
5214
6040
677
3976
1936
2093
6349
1992
1751
3532
1854
3533
358
4786
5039
1688
2990
4649
4459
3667
2208
1058
2852
3840
2042
5962
2848
5523
5095
3144
521
1161
4433
5891
2547
3836
3530
4420
6427
2086
3488
6581
6602
5381
2248
4970
3875
4418
3992
997
1122
5920
4386
655
3548
956
627
4525
2211
5736
3682
5571
6440
5238
309
68
5475
512
1312
3837
5474
2701
76
433
4138
3462
5980
6555
2379
2994
1393
3848
6317
5983
559
3037
4951
5893
2332
3998
6477
1513
1803
1388
2409
6118
5518
3473
4668
380
1555
3432
564
3491
4635
5515
5442
3570
3340
5409
2164
3147
94
1074
5934
5903
2310
471
1844
6060
1890
4421
6315
3593
3552
6238
509
2163
5245
499
5369
5240
91
1985
4527
3704
690
4453
475
2940
4059
697
1966
6380
2533
6659
5089
2647
29
3945
5466
4413
2637
4289
1548
4794
5745
6399
4397
4822
4176
6241
6030
6694
6598
6336
5058
6075
4995
2821
3118
2393
6211
4581
60
6723
1382
5491
3990
4018
139
1330
6321
1084
6015
2431
1979
827
5085
4216
2115
6388
704
5005
3178
3810
6281
5742
5341
4682
4428
6092
4852
5897
580
5746
641
1326
5122
1200
2933
3834
1253
2944
3121
1717
1608
2279
4784
5651
5455
3901
5602
277
1883
4183
3508
3985
2108
2266
5493
6106
1800
5835
3335
698
31
5113
4550
5167
963
3820
5487
2589
3489
5623
3728
5547
111
3125
4837
2012
890
6096
6345
5192
4335
6423
1040
1892
6016
5797
3424
5683
4514
6300
874
3831
4426
1248
6636
3295
4870
5629
4256
2843
2219
6760
196
2692
4972
2258
4981
3819
4605
2749
2503
3832
6337
3665
6007
3568
3249
4388
2365
5875
4370
2166
3288
6032
3027
3463
6519
425
6185
3255
6072
4430
2541
2556
2280
1204
5685
5543
4785
4235
5910
1781
0
5839
6103
5121
5382
5967
15
6582
4915
2624
850
4188
961
5838
362
4360
5180
3663
2436
2636
5075
1182
1186
4445
4448
5278
2362
2000
3674
3553
6061
5390
5852
529
1655
3309
79
4353
397
1711
3567
1774
552
6204
4930
1269
4803
1658
1398
3683
3635
5193
6759
1832
1933
2202
1262
1545
6228
6240
3857
85
4719
4221
3888
5460
5789
6444
1296
5539
6107
546
1447
2859
2081
1643
3821
4122
5874
5216
1208
2222
4471
4315
328
543
5711
3805
4497
3701
1190
1897
4062
2744
2759
2193
6224
1387
5654
244
369
3479
6446
4979
2616
6250
2661
2510
5456
4848
4929
361
4957
1446
248
370
2466
4491
6729
51
6419
3110
3092
2962
2084
6618
1335
5821
1517
4187
3509
4006
38
3239
4895
1625
5681
728
5467
537
1847
6354
3796
4604
3243
2480
4115
4405
2524
2707
778
5220
4210
4582
1025
1594
4067
5545
6632
5137
428
444
3108
5860
149
6734
2581
3830
3789
6500
5912
5210
4399
4337
3201
4613
1814
2150
1111
1941
1916
3265
3314
5040
2700
4225
6140
2444
464
658
1858
6525
6579
2348
1315
5610
341
5937
4387
4004
4084
4227
4051
4243
1442
2966
6741
3273
2723
696
2653
6142
6483
6681
948
6587
3071
1512
4693
297
3182
1698
2734
4721
1626
6413
3763
5500
6182
4560
4309
4035
4245
3184
1729
5616
1472
145
4940
5581
303
731
1277
1177
2872
2542
5297
5833
3778
4170
205
6247
5706
585
336
4200
2377
5052
2428
2257
189
1607
5001
2402
5978
5865
3784
5017
3296
4620
4916
2824
5617
2439
3266
5529
6254
6365
1663
6215
2735
3430
1027
72
2417
3176
4762
236
6435
1404
5936
5415
1991
513
5230
2965
3879
1173
4049
4753
4961
1093
466
1041
2467
3023
718
4078
2027
1601
538
2652
6542
6531
3025
1293
2465
2743
953
1880
1874
4425
3168
6206
1712
6412
5031
4880
992
492
4959
5250
3343
5614
3259
6654
4806
2155
5445
3767
1755
1702
6022
3569
4648
2892
6389
6773
3504
2285
6372
2296
4369
4670
2847
3187
3889
2412
5007
167
4887
3607
2642
4199
1011
4116
947
483
632
4257
6041
6320
2352
700
190
4926
1539
6378
5022
5043
5024
5186
4186
1290
2923
2026
4697
6631
5328
1866
408
6237
2121
806
3632
73
4011
1302
996
4865
4467
28
574
780
6740
1932
2078
3352
2855
117
1777
2696
2394
2787
5627
4647
19
4267
2719
4982
6295
6064
3673
2781
5255
6703
3449
6382
3114
3415
759
86
34
1523
5705
4385
2536
587
1576
1923
5311
2522
2485
5952
2572
1587
941
6126
5739
5921
5299
4722
2846
4198
5371
821
3301
6147
4191
1354
5191
3500
4181
3410
3407
5284
3561
3505
3515
2361
801
6731
6693
3138
5827
2566
5955
4952
5048
2171
5364
6102
6279
6533
6455
2955
3566
3336
4554
4475
2357
2814
4464
4614
1802
6174
3994
5256
4512
4300
3393
5507
1868
3590
1752
6357
5356
2603
4297
335
6131
2666
348
4060
6591
2153
4987
224
333
4393
4343
2370
4583
4736
756
2057
3873
668
2605
2837
1055
2120
6205
762
5142
6613
3602
4522
6375
6661
2687
3550
5822
6308
4606
6768
3611
302
1762
4214
5817
5326
1697
1769
3451
719
925
462
1327
6089
6547
2333
5128
568
3943
5845
2725
4598
570
795
1099
3056
6340
897
6528
4624
3313
1907
5412
2715
5700
3160
5965
1016
2095
544
165
3792
1097
6534
3357
3942
3734
1646
4463
3210
4898
4351
5787
2650
635
1079
3612
1089
133
805
536
593
2179
431
3276
1540
1310
5872
3247
372
491
4254
3979
2645
3230
5117
4941
6083
522
4660
517
760
1476
763
1441
3749
172
3708
1840
1461
5199
691
3562
6285
5309
3740
6695
5544
1256
4842
1198
4168
1452
2953
442
1725
4053
1449
311
618
5669
2549
2928
5554
6715
1718
4901
4447
5866
3329
482
3481
5398
4841
1659
3522
2207
3953
4212
1340
2505
2761
2656
3545
4992
6070
4562
1346
5522
3871
1619
436
1715
2301
1974
3890
3440
669
349
5566
2138
3211
4909
3221
649
5510
3622
1910
3017
3801
479
3997
2586
2077
2983
2162
4440
6487
3192
1022
6232
5252
5028
420
5337
2339
6036
4642
5718
2916
1673
2433
5932
3251
5171
1945
2221
5173
3342
5836
5136
214
620
3534
1739
1863
5047
3319
5763
1081
1009
4381
3582
5708
5101
1723
3381
2203
1948
3899
1268
2369
800
3337
1768
203
2206
5717
5520
4368
5813
286
5814
434
5630
6355
510
2220
5140
1054
1432
880
1686
1007
3829
4966
1365
2126
5913
5743
2418
6368
604
3687
6716
5163
4533
6745
769
2649
1990
3743
488
5366
2167
326
5578
4361
3981
6195
3401
393
2268
6592
171
6665
4296
4873
6674
935
6280
784
3429
2464
3120
2802
3219
486
3183
4866
6056
6548
3933
2902
670
3344
6486
199
5422
1970
3334
2029
158
6713
5305
1560
6306
1981
6014
4963
6411
1028
4574
4861
1120
717
5449
5729
4068
2717
5639
4886
